3.4924596564343477e-09
2.619344742325761e-07
1.9645085567443206e-05
0.0014733814175582405
0.11050360631686804
0.28777047376510245
0.5827855323826827
0.708914928701201
0.1686196525900716
0.6464739442553715
0.48554581915286643
0.41593643646498046
0.1952327348735336
0.6424551155150193
0.18413366362644995
0.8100247719837468
0.75185789878101
0.3893424085757427
0.20068064318070217
0.051048238552663584
0.8286178914497689
0.14634185873267327
0.9756394049504955
0.17295537128716493
0.9716528465373687
0.8739634903026575
0.5472617726993103
0.044632952448275386
0.3474714336206538
0.06035752154903371
0.5268141161775283
0.5110587133146165
0.329403498596234
0.705262394717551
0.8946796038163265
0.10097028622448924
0.5727714668366926
0.9578600127519388
0.8395009563954086
0.9625717296556437
0.19287972417328494
0.4659793129963704
0.9484484747277798
0.13363560458348858
0.022670343761644486
0.7002757821233365
0.5206836592502351
0.05127444376762698
0.8455832825720232
0.41874619290174275
0.4059644676307051
0.4473350723028812
0.5501304227160897
0.2597817037067291
0.4836277780046816
0.27208335035111914
0.4062512763339334
0.46884572504500194
0.16342937837514532
0.2572033781358988
0.29025336019240944
0.7690020144307064
0.6751510823029797
0.6363311727234773
0.7248379542607991
0.3628465695599311
0.21349271699483166
0.01195377461237543
0.8965330959281572
0.2399821946117944
0.9986645958845805
0.8998446913435332
0.48835185076498977
0.6263888073742337
0.9791605530675317
0.4370414800648771
0.77811100486578
0.3583253649335007
0.8744023700125526
0.5801777509414487
0.5133313206086547
0.4998490456491006
0.48867842368254366
0.6508817761907735
0.816133214308011
0.2099910731008235
0.7493304825617608
0.1997861921320605
0.9839644099045379
0.7973307428403436
0.7998057130257625
0.9854284769321925
0.9071357699144332
0.03518274358249397
0.6387057686870479
0.9029326515285916
0.7199488646443695
0.9961648483277135
0.7123636245785112