2
3
5
8
13
21
34
55
89
144
233
377
610
987
1597
2584
4181
6765
10946
17711
28657
46368
75025
121393
196418
317811
514229
832040
1346269
2178309
3524578
5702887
9227465
14930352
24157817
39088169
63245986
102334155
165580141
267914296
433494437
701408733
1134903170
1836311903
2971215073
512559680
3483774753
3996334433
3185141890
2886509027
1776683621
368225352
2144908973
2513134325
363076002
2876210327
3239286329
1820529360
764848393
2585377753
3350226146
1640636603
695895453
2336532056
3032427509
1073992269
4106419778
885444751
696897233
1582341984
2279239217
3861581201
1845853122
1412467027
3258320149
375819880
3634140029
4009959909
3349132642
3064125255
2118290601
887448560
3005739161
3893187721
2603959586
2202180011
511172301
2713352312
3224524613
1642909629
572466946
2215376575
2787843521
708252800
3496096321
4204349121
3405478146
3314859971
2425370821
1445263496
